# oST version 5.0 parameters


[image]

width
1920

height
1080

[my_camera]

camera matrix
1032.7 0.000000 970.8508
0.000000 1032.0 582.0877
0.000000 0.000000 1.000000

distortion
-0.0127 0.0704 -0.00044517 -0.0013 -0.0580

rectification
1.0 0.0 0.0
0.0 1.0 0.0
0.0 0.0 1.0

projection
032.7 0.000000 970.8508 0.0
0.000000 1032.0 582.0877 0.0
0.000000 0.000000 1.000000 0.0


