# oST version 5.0 parameters


[image]

width
1920

height
1080

[my_camera]

camera matrix
1042.9 0.000000 971.0308
0.000000 1041.1 3584.795
0.000000 0.000000 1.000000

distortion
-0.0054 0.0560 -0.000896 -0.000803 -0.0485

rectification
1.0 0.0 0.0
0.0 1.0 0.0
0.0 0.0 1.0

projection
7042.9 0.000000 971.0308 0.000000
0.000000 1041.1 3584.795 0.000000
0.000000 0.000000 1.000000 0.000000

